11 emenus e 1111111111. 111

uuus( prtem 111111111111.111111111. derium&

1111111111111111, 11111111, 1111111111, 11111111, 1111111111,
111111,111111111,1111111, 11111111, 1111111, resolute),
1111 volvere, 111111, 111111, ulte, 11111111,4
1111111111111111111111111, 111111111,111111111, 1111111111,
111111, evolvere, 1111111111, 1111111111, 11111111, 1111111111,
11111,111111111,1111111, 11111111, 1111111· 11111111,
11111,111111111,11111111,· 11111111, 1111111, 1111111111,
·1,“. vivere, 1111, 111111,ΙΙ 11111, 11111,-

11111, convivere, 1111111, 1111111111, 11111111, 11111111,
tere, revivere, 1111111. 11111111, 1111111, revictus

egenter itaque haee Verba 11 temporibus 111 peractae 1111111111111

, 4 Α.111111111111111111111. ’ . je*
Tempus praeteritum perfectum.
111· 11111 1111111· 1111111 1111111 1111111 ⁶
1111 1111111 1111111111 11111111 11111111· 111111111
1 1111 1111111 11111 curse 111111
11111 11111111 1111111111 1111111111 11111111 1111111111 ·
111 111111 11111111 11111111 11111111 11111111
111Ι 1111111 11111111 1111111 11111111 11111111, Ι,
Tempus praeteritum plusquam perfeetum. ,
1111111111 1111111111, disseram 1111111111 1111111111
1111 1111111 111111111 11111111 11111111 111111111
era! 1111111 11111111 11111111 1111111 11111111
11111111111111 1111111111 1111111111 1111111111 111111111111 '
11111 11111111 1111111111 1111111111 0111111111 1111111111
ura , 111111 11111111 11111111 11111111 11111111.
Tempus futurum exectum. y

11111 1111111 1111111111 disserite 1111111111 111111111
11111 11111111 111111111 11111111 11111111 ’1111111111
:ere 111111 trassero dissere 1111111- 11111111
1111111 11111111 1111111111 1111111111 1111111111 1111111111
erite 11111111 1111111111 1111111111 111111111 1111111111
111111 11111111 1111111111 1111111111 1111111111 1111111111,Ι

Β. 011111111111111111.
Tempus praeteritum perfectum 11 plusquam perfectum.
1111111 111111111 1111111111 1111111111 1111111111 1111111111.
111111 1111111111 1111111111 111111111 1111111111 1111111111
11111 1111111 1111111111 11111111 11111111 111111111
11111111 1111111111 111111111111 1111111111 1111111111 111111111111 “
1111111 111111111 1111111111 1111111111 1111111111 11111111111
1111111 1111111111 1111111111 1111111111 1111111111 1111111111.

 

